20 20
aaaaaaaa<<lllllaaaaa
aaaaaaaa..lllllaaaaa
aa...aaa..lllll..aaa
aa...........RR..aaa
aa.......**..RR....<
wwwwwww..**........<
wwwwwww..**..RR..www
wwwwwww......RR..www
wwwwwwwRR..aaaa..www
>..........aaa....ww
>...........aaa.**.ll
wwwwwwwww..aaa....ll
wwwwwwwww..aaaRRRlll
www..............lll
www..llll..aaaa..lll
aaa..llll..aaaa....<
aaa..llll..aaaa..lll
aaa..............lll
aaa..lllllllllllllll
aaa>>lllllllllllllll
#
0 0
0 1
0 2
0 3
0 4
0 5
0 6
0 7
1 0
1 1
1 2
1 3
1 4
1 5
1 6
1 7
2 0
2 1
2 5
2 6
2 7
3 0
3 1
4 0
4 1
---
Eagle 0 0 25
Owl 2 7 20
WildColibri 4 1 10
#
0 10
0 11
0 12
0 13
0 14
1 10
1 11
1 12
1 13
1 14
2 10
2 11
2 12
2 13
2 14
---
Monkey 0 10 40
Python 1 12 80
Komodo 2 10 50
Iguana 2 14 30
#
0 15
0 16
0 17
0 18
0 19
1 15
1 16
1 17
1 18
1 19
2 17
2 18
2 19
3 17
3 18
3 19
---
Eagle 1 17 30
Eagle 2 18 45
#
5 0
5 1
5 2
5 3
5 4
5 5
5 6
6 0
6 1
6 2
6 3
6 4
6 5
6 6
7 0
7 1
7 2
7 3
7 4
7 5
7 6
8 0
8 1
8 2
8 3
8 4
8 5
8 6
---
Shark 6 0 120
Shark 7 4 100
Shark 7 6 60
#
6 17
6 18
6 19
7 17
7 18
7 19
8 17
8 18
8 19
---
Crocodile 6 17 80
Duck 8 18 20
#
8 11
8 12
8 13
8 14
9 11
9 12
10 11
10 12
10 13
11 11
11 12
11 13
12 11
12 12
12 13
-
Owl 8 12 10
Owl 9 11 20
Owl 12 12 15
#
12 17
12 18
12 19
13 17
13 18
13 19
14 17
14 18
14 19
---
WildBunny 13 17 20
#
11 0
11 1
11 2
11 3
11 4
11 5
11 6
11 7
11 8
12 0
12 1
12 2
12 3
12 4
12 5
12 6
12 7
12 8
13 0
13 1
13 2
14 0
14 1
14 2
---
Barracuda 11 5 60
Barracuda 12 8 25
Clownfish 13 6 10
#
15 0
15 1
15 2
16 0
16 1
16 2
17 0
17 1
17 2
18 0
18 1
18 2
19 0
19 1
19 2
---
Duck 15 2 40
Duck 17 0 20
Eagle 19 2 60
#
14 5
14 6
14 7
14 8
15 5
15 6
15 7
15 8
16 5
16 6
16 7
16 8
---
Chameleon 14 6 10
Lion 16 5 80
Giraffe 16 8 100
#
14 11
14 12
14 13
14 14
15 11
15 12
15 13
15 14
16 11
16 12
16 13
16 14
---
WildColibri 14 12 20
Owl 15 14 40
#
18 5
18 6
18 7
18 8
18 9
18 10
19 5
19 6
19 7
19 8
19 9
19 10
---
Elephant 18 5 400
Lion 19 7 120
Zebra 19 10 80
#
16 17
16 18
16 19
17 17
17 18
17 19
18 11
18 12
18 13
18 14
18 15
18 16
18 17
18 18
18 19
19 11
19 12
19 13
19 14
19 15
19 16
19 17
19 18
19 19
---
WildBunny 19 19 200
######